Result after delation: 
  1                                                           1   
1 1 1                           1                           1 1 1 
1 1 1 1                       1 1 1                       1 1 1   
  1 1     1 1               1 1 1 1 1                       1     
        1 1 1 1           1 1 1 1 1 1 1             1 1           
      1 1 1 1 1         1 1 1 1 1 1 1 1 1         1 1 1 1         
    1 1 1 1 1         1 1 1 1 1 1 1 1 1 1 1       1 1 1           
    1 1 1 1 1 1     1 1 1 1 1 1 1 1 1 1 1 1 1       1 1 1         
  1 1 1 1 1 1     1 1 1 1 1 1 1 1 1 1 1 1 1 1 1     1 1 1 1       
    1 1 1 1   1   1 1 1 1 1 1 1 1 1 1 1 1 1 1 1     1 1 1         
      1 1 1 1 1 1 1 1 1 1 1 1 1 1 1 1 1 1 1 1 1       1           
      1 1 1 1 1 1 1 1 1 1 1 1 1 1 1 1 1 1 1 1 1 1 1 1 1 1         
    1 1 1 1 1 1 1 1 1 1 1 1 1 1 1 1 1 1 1 1 1 1 1 1 1 1 1 1       
      1 1 1 1 1 1 1 1 1 1 1 1 1 1 1 1 1 1 1 1 1 1 1 1 1 1         
        1 1 1     1 1 1 1 1 1 1 1 1 1 1 1 1 1 1                   
      1 1 1         1 1 1 1 1 1 1 1 1 1 1 1 1 1 1                 
        1         1 1 1 1 1 1 1 1 1 1 1 1 1   1 1 1               
                1 1 1     1 1 1 1 1 1 1 1       1 1 1             
              1 1 1         1 1 1 1 1 1 1 1       1 1 1           
            1 1 1             1 1 1     1 1 1       1             
        1     1               1 1 1       1                       
      1 1 1                   1 1 1                               
    1 1 1 1 1                 1 1 1                 1             
    1 1 1 1 1               1 1 1 1 1             1 1 1           
      1 1 1                 1 1 1 1 1           1 1 1             
        1     1           1 1 1 1 1 1 1       1 1 1               
            1 1 1       1 1 1 1 1 1 1 1 1   1 1 1 1 1 1           
          1 1 1 1 1   1 1 1 1 1 1 1 1 1 1 1 1 1 1 1 1 1 1         
      1 1 1 1   1 1 1 1 1 1 1 1 1 1 1 1 1 1 1   1 1 1 1 1         
    1 1 1 1       1 1 1 1 1 1 1 1 1 1 1 1 1 1 1 1 1 1 1 1 1       
      1 1         1 1 1 1 1 1 1 1 1 1 1 1 1 1 1 1   1 1 1 1       
                  1 1 1 1 1 1 1 1 1 1 1 1 1 1 1       1 1         
      1 1         1 1 1 1 1 1 1 1 1 1 1 1 1 1 1                   
    1 1 1 1       1 1 1 1 1 1 1 1 1 1 1 1 1 1 1                   
    1 1 1 1       1 1 1 1 1 1 1 1 1 1 1 1 1 1 1 1 1               
      1 1         1 1 1 1 1 1 1 1 1 1 1 1 1 1 1 1 1 1             
                1 1 1 1 1 1 1 1 1 1 1 1 1 1 1 1 1 1 1 1           
              1 1 1   1 1 1 1 1 1 1 1 1 1 1         1 1 1         
      1 1   1 1 1         1 1 1 1 1 1 1       1 1   1 1 1         
    1 1 1 1 1 1             1 1 1 1 1       1 1 1 1   1           
  1 1 1 1 1 1               1 1 1 1 1         1 1 1 1             
1 1 1 1   1                   1 1 1             1 1               
  1 1                           1                                 
                                                                  
