Result after erosion: 
                                                                  
                                                                  
                                                                  
                                1                                 
                              1 1 1                               
                            1 1     1                             
                          1 1         1                           
                        1 1 1       1 1 1                         
                      1   1 1     1 1 1   1                       
                                    1                             
                      1   1               1                       
                      1   1 1     1 1   1 1                       
                    1       1 1 1     1 1 1 1                     
                      1   1   1         1 1                       
                      1 1       1       1 1                       
                          1       1   1                           
                                  1 1                             
                                1 1                               
                                1                                 
                                                                  
                                                                  
                                                                  
        1                                                         
        1                       1                                 
                                1                                 
                              1 1 1                               
                            1 1     1                             
                          1 1         1                           
                        1     1                                   
                      1         1                                 
                      1         1 1                               
                      1       1 1         1                       
                            1 1         1 1                       
                      1   1 1 1           1                       
                      1 1 1     1                                 
                      1 1         1       1                       
                          1     1 1 1                             
                            1 1 1 1 1                             
                              1 1 1                               
                                1                                 
                                1                                 
                                                                  
                                                                  
                                                                  
